3.391687673 -1.69584 2.93729 56.9483
3.276920216 -1.63846 2.8379 57.5811
3.169512596 -1.58476 2.74488 58.2139
3.067525189 -1.53376 2.65655 58.8466
2.972759622 -1.48638 2.57449 59.4794
2.881367314 -1.44068 2.49534 60.1121
2.799696123 -1.39985 2.42461 60.7449
2.735964536 -1.36798 2.36941 61.3777
2.677185505 -1.33859 2.31851 62.0104
2.6608252 -1.33041 2.30434 62.3268
2.61797715 -1.30899 2.26723 62.6432
2.59226372 -1.29613 2.24497 62.9596
2.570682531 -1.28534 2.22628 63.2759
2.548365359 -1.27418 2.20695 63.5923
2.522084608 -1.26104 2.18419 63.9087
2.500649083 -1.25032 2.16563 64.2251
2.478423909 -1.23921 2.14638 64.5414
2.445365974 -1.22268 2.11775 65.1742
2.399198331 -1.1996 2.07777 65.807
2.35965454 -1.17983 2.04352 66.4397
2.328643561 -1.16432 2.01666 67.0725
2.295662291 -1.14783 1.9881 67.7052
2.260580402 -1.13029 1.95772 68.338
2.234337983 -1.11717 1.93499 68.9708
2.204392647 -1.1022 1.90906 69.6035
